DMC
6 ply cotton
B5200
white
ecru
150
151
152
153
154
155
156
157
158
159
160
161
162
165
166
167
168
169
208
209
210
211
221
223
224
225
300
301
304
309
310
311
312
315
316
317
318
319
320
321
322
326
327
333
334
336
340
341
347
349
350
351
352
353
355
356
367
368
369
370
371
372
400
402
407
413
414
415
420
422
433
434
435
436
437
445
451
452
453
469
471
472
498
500
501
502
503
504
505
517
519
520
522
523
524
535
543
550
552
553
554
562
563
564
580
581
597
598
600
601
603
604
605
606
610
612
613
632
640
642
644
645
646
647
648
666
676
677
680
700
701
703
704
712
718
720
721
722
725
726
727
728
729
730
731
732
733
734
738
739
741
742
743
744
745
746
747
754
758
760
761
762
772
775
776
777
778
779
780
781
782
783
791
792
793
794
796
797
798
799
800
801
803
806
807
809
813
814
815
816
817
818
819
820
822
823
824
825
826
827
828
829
830
831
832
833
834
838
839
840
841
842
844
869
890
892
893
894
895
898
899
900
902
904
905
906
907
911
912
913
915
917
918
919
920
921
922
924
926
927
928
930
931
932
934
935
936
937
938
939
945
947
948
950
951
955
956
957
958
961
962
963
964
966
967
975
976
977
989
991
992
993
996
3011
3012
3023
3024
3031
3032
3033
3041
3042
3045
3046
3047
3051
3052
3064
3072
3078
3325
3326
3328
3340
3341
3345
3346
3347
3348
3350
3354
3362
3363
3364
3371
3607
3608
3609
3685
3687
3688
3689
3706
3708
3712
3713
3721
3722
3726
3727
3731
3733
3740
3743
3746
3747
3750
3752
3753
3755
3756
3760
3761
3765
3766
3768
3770
3771
3772
3773
3774
3776
3777
3778
3779
3781
3782
3787
3790
3799
3801
3802
3803
3805
3806
3807
3808
3809
3810
3811
3813
3814
3815
3816
3817
3818
3819
3820
3821
3822
3823
3824
3825
3826
3827
3828
3829
3830
3831
3832
3833
3834
3835
3836
3837
3838
3839
3840
3841
3842
3843
3844
3845
3846
3847
3848
3849
3851
3852
3853
3854
3855
3856
3857
3858
3859
3860
3861
3862
3863
3864
3865
3866
---
DMC
#5 perle cotton
5200
433
***
Lakeside Linens
linen
white
36
17
27
---
Lakeside Linens
linen
Light Exemplar
32
17
27
***
Mill Hill
Beads
00353
***
Venetian Opulence
Mirabilia
140
347
*
Lakeside Linens
linen
Light Exemplar
32
17
27
*
DMC
6 ply cotton
white
154
326
256
433
434
469
550
552
601
603
632
680
718
729
754
758
781
814
828
869
906
907
915
926
927
934
938
939
948
964
3046
3371
3787
3805
3806
3808
3809
3849
-
Kreinik Metallic Thread
Very Fine (#4) Braid
002C
-
Rainbow Gallery
Wisper
W88
*
Mill Hill
Beads
02070
02077
03026
03037
16609
18027
-
Mill Hill
Treasure
13062
---
Shakespeare's Fairies
Mirabilia
307
136
*
Lakeside Linens
linen
charcoal
32
27
17
*
DMC
6 ply cotton
white
154
156
160
327
433
434
435
451
453
535
601
632
746
754
758
775
818
926
927
928
938
948
3326
3328
3340
3341
3371
3746
3752
3768
3802
3840
3855
-
Kreinik Metallic Thread
Very Fine (#4) Braid
024HL
034
080HL
152V
221
9300
*
Mill Hill
Beads
00148
00165
02010
02033
03055
-
Mill Hill
Treasures
12144
12188
12211
13030
---
Maiden of the Seasons
Mirabilia
180
260
*
*
DMC
6 ply cotton
white
153
167
223
316
351
413
414
415
501
502
632
712
731
734
754
758
761
772
772
778
819
839
935
938
948
3031
3041
3064
3688
3726
3740
3756
3817
3830
3854
3855
3857
3862
3865
3865
-
Kreinik
Metallic Very Fine (#4) Braid
221
*
Mill Hill
Beads
00161
00252
00275
02012
03026
03057
40479
42029
42031
---
Maiden of the Seasons II
Mirabilia
180
260
*
*
DMC
6 ply cotton
white
223
301
317
318
356
400
433
434
500
501
502
553
667
729
729
731
734
745
754
758
761
779
781
839
869
924
926
927
938
948
977
3031
3041
3046
3064
3362
3685
3688
3753
3756
3771
3799
3822
3829
3852
-
Kreinik
Metallic Very Fine (#4) Braid
221
-
Rainbow Gallery
Wisper
W88
*
Mill Hill
Beads
00358
00968
03015
03053
03055
40123
42010
62012